

Logging Start.
Now : 2016.11.01 00:06:40
study() --> 72 68 89 86 73 130
feedback() = 15 0
study() --> 30 80 68 109 101 87
feedback() = 99 0
study() --> 71 64 62 113 102 106
feedback() = 99 0
study() --> 40 52 91 97 83 104
feedback() = 5 0
study() --> 20 65 86 121 97 114
feedback() = 9 0
study() --> 73 95 72 57 109 116
feedback() = 99 0
study() --> 43 86 54 110 61 89
feedback() = 8 0
study() --> 27 92 80 126 117 55
feedback() = 99 0
study() --> 78 73 58 67 130 61
feedback() = 9 0
study() --> 38 56 99 53 60 70
feedback() = 8 0
   72  68  89  86  73 130 :  97
   30  80  68 109 101  87 :  -1
   71  64  62 113 102 106 :  -1
   40  52  91  97  83 104 :  93
   20  65  86 121  97 114 :  97
   73  95  72  57 109 116 :  -1
   43  86  54 110  61  89 :  96
   27  92  80 126 117  55 :  -1
   78  73  58  67 130  61 :  97
   38  56  99  53  60  70 :  96
Now : 2016.11.01 00:09:28


* GENERATION     2
study() --> 68 61 85 118 72 125
feedback() = 6 0
study() --> 74 86 87 68 77 129
feedback() = 2 0
study() --> 55 72 55 86 71 86
feedback() = 99 0
study() --> 38 60 89 90 70 73
feedback() = 9 0
study() --> 75 69 85 70 127 116
feedback() = 10 0
study() --> 47 60 59 110 56 112
feedback() = 9 0
study() --> 20 57 98 122 98 69
feedback() = 8 0
study() --> 46 78 60 62 129 89
feedback() = 7 0
study() --> 35 77 63 52 56 66
feedback() = 15 0
study() --> 34 55 52 114 58 88
feedback() = 8 0
   68  61  85 118  72 125 :  94
   74  86  87  68  77 129 :  90
   55  72  55  86  71  86 :  -1
   38  60  89  90  70  73 :  97
   75  69  85  70 127 116 :  98
   47  60  59 110  56 112 :  97
   20  57  98 122  98  69 :  96
   46  78  60  62 129  89 :  95
   35  77  63  52  56  66 :  97
   34  55  52 114  58  88 :  96
Now : 2016.11.01 00:12:26


* GENERATION     3
study() --> 72 74 83 50 52 71
feedback() = 9 0
study() --> 36 57 90 70 126 114
feedback() = 7 0
study() --> 43 62 86 69 54 107
feedback() = 99 0
study() --> 20 52 99 127 130 119
feedback() = 8 0
study() --> 33 73 90 54 60 73
feedback() = 12 0
study() --> 38 74 61 55 57 111
feedback() = 4 0
study() --> 33 58 100 118 54 68
feedback() = 5 0
study() --> 42 61 92 109 59 71
feedback() = 11 0
study() --> 21 61 100 117 97 74
feedback() = 11 0
study() --> 50 55 100 125 52 72
feedback() = 10 0
   72  74  83  50  52  71 :  97
   36  57  90  70 126 114 :  95
   43  62  86  69  54 107 :  -1
   20  52  99 127 130 119 :  96
   33  73  90  54  60  73 : 100
   38  74  61  55  57 111 :  92
   33  58 100 118  54  68 :  93
   42  61  92 109  59  71 :  99
   21  61 100 117  97  74 :  99
   50  55 100 125  52  72 :  98
Now : 2016.11.01 00:15:24


* GENERATION     4
study() --> 37 61 96 118 56 70
feedback() = 10 0
study() --> 36 63 93 116 61 68
feedback() = 10 0
study() --> 33 55 100 52 50 77
feedback() = 9 0
study() --> 34 74 95 59 100 71
feedback() = 6 0
study() --> 20 61 100 52 93 75
feedback() = 8 0
study() --> 52 64 97 120 56 71
feedback() = 4 0
study() --> 75 78 78 54 50 74
feedback() = 10 0
study() --> 45 58 90 105 59 76
feedback() = 8 0
study() --> 74 78 93 54 57 67
feedback() = 10 0
study() --> 54 76 78 121 50 71
feedback() = 9 0
   37  61  96 118  56  70 :  98
   36  63  93 116  61  68 :  98
   33  55 100  52  50  77 :  97
   34  74  95  59 100  71 :  94
   20  61 100  52  93  75 :  96
   52  64  97 120  56  71 :  92
   75  78  78  54  50  74 :  98
   45  58  90 105  59  76 :  96
   74  78  93  54  57  67 :  98
   54  76  78 121  50  71 :  97
Now : 2016.11.01 00:18:22


* GENERATION     5
study() --> 41 73 93 113 52 86
feedback() = 10 0
study() --> 35 79 88 113 61 64
feedback() = 12 0
study() --> 71 76 89 52 55 77
feedback() = 99 0
study() --> 72 75 76 117 55 72
feedback() = 99 0
study() --> 35 60 89 111 60 71
feedback() = 10 0
study() --> 71 64 92 58 58 78
feedback() = 10 0
study() --> 36 80 95 116 56 70
feedback() = 10 0
study() --> 31 82 73 97 60 71
feedback() = 9 0
study() --> 52 78 80 121 63 72
feedback() = 7 0
study() --> 70 80 79 118 51 69
feedback() = 9 0
   41  73  93 113  52  86 :  98
   35  79  88 113  61  64 : 100
   71  76  89  52  55  77 :  -1
   72  75  76 117  55  72 :  -1
   35  60  89 111  60  71 :  98
   71  64  92  58  58  78 :  98
   36  80  95 116  56  70 :  98
   31  82  73  97  60  71 :  97
   52  78  80 121  63  72 :  95
   70  80  79 118  51  69 :  97
Now : 2016.11.01 00:21:20


* GENERATION     6
study() --> 40 84 93 115 64 81
feedback() = 10 0
study() --> 37 76 92 120 61 75
feedback() = 9 0
study() --> 36 60 62 111 65 69
feedback() = 12 0
study() --> 70 59 94 60 61 81
feedback() = 10 0
study() --> 37 84 98 111 56 89
feedback() = 15 0
study() --> 37 59 86 113 61 83
feedback() = 9 0
study() --> 37 65 98 113 57 86
feedback() = 99 0
study() --> 35 55 93 118 55 76
feedback() = 10 0
study() --> 41 66 93 53 56 70
feedback() = 10 0
study() --> 29 64 97 59 64 82
feedback() = 99 0
   40  84  93 115  64  81 :  98
   37  76  92 120  61  75 :  97
   36  60  62 111  65  69 : 100
   70  59  94  60  61  81 :  98
   37  84  98 111  56  89 :  97
   37  59  86 113  61  83 :  97
   37  65  98 113  57  86 :  -1
   35  55  93 118  55  76 :  98
   41  66  93  53  56  70 :  98
   29  64  97  59  64  82 :  -1
Now : 2016.11.01 00:24:17


* GENERATION     7
study() --> 42 65 62 110 114 78
feedback() = 6 0
study() --> 36 56 66 122 67 71
feedback() = 11 0
study() --> 41 71 92 112 57 67
feedback() = 11 0
study() --> 32 59 95 110 65 77
feedback() = 13 0
study() --> 38 57 97 118 69 77
feedback() = 11 0
study() --> 36 66 98 115 61 76
feedback() = 11 0
study() --> 37 57 99 116 65 76
feedback() = 9 0
study() --> 31 63 98 53 52 65
feedback() = 10 0
study() --> 37 51 94 60 52 76
feedback() = 99 0
study() --> 37 58 91 58 60 82
feedback() = 6 0
   42  65  62 110 114  78 :  94
   36  56  66 122  67  71 :  99
   41  71  92 112  57  67 :  99
   32  59  95 110  65  77 :  99
   38  57  97 118  69  77 :  99
   36  66  98 115  61  76 :  99
   37  57  99 116  65  76 :  97
   31  63  98  53  52  65 :  98
   37  51  94  60  52  76 :  -1
   37  58  91  58  60  82 :  94
Now : 2016.11.01 00:27:15


* GENERATION     8
study() --> 33 70 98 111 55 64
feedback() = 11 0
study() --> 38 70 87 109 88 72
feedback() = 8 0
study() --> 36 54 92 86 72 65
feedback() = 9 0
study() --> 42 74 90 111 59 75
feedback() = 10 0
study() --> 28 57 65 112 69 63
feedback() = 10 0
study() --> 39 64 93 105 62 85
feedback() = 8 0
study() --> 33 62 99 107 70 82
feedback() = 8 0
study() --> 37 62 67 118 85 56
feedback() = 11 0
study() --> 39 57 70 126 68 74
feedback() = 12 0
study() --> 41 54 93 114 70 78
feedback() = 7 0
   33  70  98 111  55  64 :  99
   38  70  87 109  88  72 :  96
   36  54  92  86  72  65 :  97
   42  74  90 111  59  75 :  98
   28  57  65 112  69  63 :  98
   39  64  93 105  62  85 :  96
   33  62  99 107  70  82 :  96
   37  62  67 118  85  56 :  99
   39  57  70 126  68  74 : 100
   41  54  93 114  70  78 :  95
Now : 2016.11.01 00:30:13


* GENERATION     9
study() --> 35 58 60 113 84 74
feedback() = 9 0
study() --> 42 59 100 121 52 66
feedback() = 9 0
study() --> 57 75 75 123 63 69
feedback() = 99 0
study() --> 43 61 65 115 67 67
feedback() = 99 0
study() --> 41 58 68 121 83 87
feedback() = 99 0
study() --> 44 63 67 123 89 72
feedback() = 9 0
study() --> 42 60 64 116 84 67
feedback() = 9 0
study() --> 46 79 95 113 62 65
feedback() = 99 0
study() --> 32 70 67 111 58 69
feedback() = 99 0
study() --> 38 60 85 114 55 66
feedback() = 8 0
   35  58  60 113  84  74 :  97
   42  59 100 121  52  66 :  97
   57  75  75 123  63  69 :  -1
   43  61  65 115  67  67 :  -1
   41  58  68 121  83  87 :  -1
   44  63  67 123  89  72 :  97
   42  60  64 116  84  67 :  97
   46  79  95 113  62  65 :  -1
   32  70  67 111  58  69 :  -1
   38  60  85 114  55  66 :  96
Now : 2016.11.01 00:33:11


* GENERATION    10
study() --> 34 59 83 121 82 75
feedback() = 11 0
study() --> 49 64 60 114 89 71
feedback() = 8 0
study() --> 43 95 61 119 82 106
feedback() = 9 0
study() --> 31 64 58 118 59 71
feedback() = 2 0
study() --> 40 62 96 127 90 61
feedback() = 99 0
study() --> 43 54 61 117 53 121
feedback() = 10 0
study() --> 38 60 100 126 57 70
feedback() = 13 0
study() --> 40 57 62 117 82 65
feedback() = 12 0
study() --> 41 57 83 118 90 75
feedback() = 13 0
study() --> 38 61 62 114 81 72
feedback() = 9 0
   34  59  83 121  82  75 :  99
   49  64  60 114  89  71 :  96
   43  95  61 119  82 106 :  97
   31  64  58 118  59  71 :  90
   40  62  96 127  90  61 :  -1
   43  54  61 117  53 121 :  98
   38  60 100 126  57  70 :  99
   40  57  62 117  82  65 : 100
   41  57  83 118  90  75 :  99
   38  61  62 114  81  72 :  97
Now : 2016.11.01 00:36:09


* GENERATION    11
study() --> 30 61 62 120 78 66
feedback() = 11 0
study() --> 44 57 99 127 80 60
feedback() = 8 0
study() --> 39 52 65 113 82 65
feedback() = 9 0
study() --> 38 54 60 119 78 125
feedback() = 8 0
study() --> 40 61 98 123 61 75
feedback() = 99 0
study() --> 43 52 85 116 89 72
feedback() = 11 0
study() --> 40 50 66 118 86 122
feedback() = 9 0
study() --> 30 57 85 130 62 65
feedback() = 3 0
study() --> 38 55 63 129 54 65
feedback() = 10 0
study() --> 46 53 57 122 86 70
feedback() = 12 0
   30  61  62 120  78  66 :  99
   44  57  99 127  80  60 :  96
   39  52  65 113  82  65 :  97
   38  54  60 119  78 125 :  96
   40  61  98 123  61  75 :  -1
   43  52  85 116  89  72 :  99
   40  50  66 118  86 122 :  97
   30  57  85 130  62  65 :  91
   38  55  63 129  54  65 :  98
   46  53  57 122  86  70 : 100
Now : 2016.11.01 00:39:07


* GENERATION    12
study() --> 47 64 77 117 80 73
feedback() = 11 0
study() --> 46 50 85 119 85 69
feedback() = 9 0
study() --> 47 53 60 120 52 69
feedback() = 9 0
study() --> 35 50 62 123 81 65
feedback() = 10 0
study() --> 40 61 86 119 82 74
feedback() = 99 0
study() --> 33 56 60 130 53 66
feedback() = 9 0
study() --> 33 50 70 117 81 63
feedback() = 99 0
study() --> 45 52 68 92 59 69
feedback() = 11 0
study() --> 40 56 86 117 86 126
feedback() = 99 0
study() --> 40 57 62 120 83 120
feedback() = 99 0
   47  64  77 117  80  73 :  99
   46  50  85 119  85  69 :  97
   47  53  60 120  52  69 :  97
   35  50  62 123  81  65 :  98
   40  61  86 119  82  74 :  -1
   33  56  60 130  53  66 :  97
   33  50  70 117  81  63 :  -1
   45  52  68  92  59  69 :  99
   40  56  86 117  86 126 :  -1
   40  57  62 120  83 120 :  -1
Now : 2016.11.01 00:42:05


* GENERATION    13
study() --> 44 66 75 117 75 67
feedback() = 99 0
study() --> 37 50 75 114 85 71
feedback() = 10 0
study() --> 38 61 56 128 82 65
feedback() = 10 0
study() --> 50 50 74 120 83 74
feedback() = 10 0
study() --> 47 50 70 124 64 69
feedback() = 9 0
study() --> 41 51 65 91 51 63
feedback() = 99 0
study() --> 52 50 66 89 61 64
feedback() = 99 0
study() --> 38 57 100 130 56 71
feedback() = 99 0
study() --> 30 50 58 128 81 66
feedback() = 1 0
study() --> 37 58 65 126 54 64
feedback() = 99 0
   44  66  75 117  75  67 :  -1
   37  50  75 114  85  71 :  98
   38  61  56 128  82  65 :  98
   50  50  74 120  83  74 :  98
   47  50  70 124  64  69 :  97
   41  51  65  91  51  63 :  -1
   52  50  66  89  61  64 :  -1
   38  57 100 130  56  71 :  -1
   30  50  58 128  81  66 :  89
   37  58  65 126  54  64 :  -1
Now : 2016.11.01 00:45:25


* GENERATION    14
study() --> 35 77 52 123 84 60
feedback() = 13 0
study() --> 45 50 69 118 83 69
feedback() = 99 0
study() --> 45 50 66 120 61 77
feedback() = 10 0
study() --> 47 50 57 116 81 57
feedback() = 10 0
study() --> 39 50 76 110 81 68
feedback() = 11 0
study() --> 46 51 66 129 81 65
feedback() = 12 0
study() --> 33 56 55 130 57 67
feedback() = 10 0
study() --> 42 55 75 125 89 113
feedback() = 11 0
study() --> 34 50 59 129 83 73
feedback() = 3 0
study() --> 45 50 71 119 59 70
feedback() = 9 0
   35  77  52 123  84  60 :  99
   45  50  69 118  83  69 :  -1
   45  50  66 120  61  77 :  98
   47  50  57 116  81  57 :  98
   39  50  76 110  81  68 :  99
   46  51  66 129  81  65 : 100
   33  56  55 130  57  67 :  98
   42  55  75 125  89 113 :  99
   34  50  59 129  83  73 :  91
   45  50  71 119  59  70 :  97
Now : 2016.11.01 00:48:23


* GENERATION    15
study() --> 50 50 78 110 111 66
feedback() = 99 0
study() --> 50 50 57 126 81 68
feedback() = 99 0
study() --> 42 55 71 126 79 112
feedback() = 10 0
study() --> 46 79 59 130 80 64
feedback() = 9 0
study() --> 37 55 77 113 82 65
feedback() = 9 0
study() --> 35 51 80 105 90 65
feedback() = 99 0
study() --> 43 51 62 100 77 70
feedback() = 11 0
study() --> 30 77 75 127 88 62
feedback() = 13 0
study() --> 31 81 50 117 120 69
feedback() = 10 0
study() --> 42 53 62 127 88 110
feedback() = 8 0
   50  50  78 110 111  66 :  -1
   50  50  57 126  81  68 :  -1
   42  55  71 126  79 112 :  98
   46  79  59 130  80  64 :  97
   37  55  77 113  82  65 :  97
   35  51  80 105  90  65 :  -1
   43  51  62 100  77  70 :  99
   30  77  75 127  88  62 :  99
   31  81  50 117 120  69 :  98
   42  53  62 127  88 110 :  96
Now : 2016.11.01 00:53:06


* GENERATION    16
study() --> 29 50 71 52 77 65
feedback() = 10 0
study() --> 44 75 76 121 99 67
feedback() = 99 0
study() --> 31 77 55 115 71 70
feedback() = 99 0
study() --> 32 82 73 114 78 67
feedback() = 99 0
study() --> 45 60 69 96 80 116
feedback() = 99 0
study() --> 42 56 67 114 89 65
feedback() = 13 0
study() --> 40 99 75 104 82 61
feedback() = 9 0
study() --> 28 79 55 61 115 71
feedback() = 12 0
study() --> 35 59 72 112 75 111
feedback() = 7 0
study() --> 26 78 54 108 117 72
feedback() = 14 0
   29  50  71  52  77  65 :  98
   44  75  76 121  99  67 :  -1
   31  77  55 115  71  70 :  -1
   32  82  73 114  78  67 :  -1
   45  60  69  96  80 116 :  -1
   42  56  67 114  89  65 :  99
   40  99  75 104  82  61 :  97
   28  79  55  61 115  71 : 100
   35  59  72 112  75 111 :  95
   26  78  54 108 117  72 :  98
Now : 2016.11.01 00:56:40


* GENERATION    17
study() --> 42 74 68 63 92 61
feedback() = 99 0
study() --> 30 75 56 110 117 73
feedback() = 99 0
study() --> 27 75 56 58 117 74
feedback() = 7 0
study() --> 43 88 73 105 114 66
feedback() = 6 0
study() --> 22 54 58 105 122 74
feedback() = 8 0
study() --> 32 50 71 56 78 61
feedback() = 6 0
study() --> 40 60 77 102 92 67
feedback() = 7 0
study() --> 23 73 56 52 80 71
feedback() = 99 0
study() --> 39 100 71 106 102 64
feedback() = 5 0
study() --> 43 54 74 104 75 63
feedback() = 10 0
   42  74  68  63  92  61 :  -1
   30  75  56 110 117  73 :  -1
   27  75  56  58 117  74 :  95
   43  88  73 105 114  66 :  94
   22  54  58 105 122  74 :  96
   32  50  71  56  78  61 :  94
   40  60  77 102  92  67 :  95
   23  73  56  52  80  71 :  -1
   39 100  71 106 102  64 :  93
   43  54  74 104  75  63 :  98
Now : 2016.11.01 01:01:30


* GENERATION    18
study() --> 39 51 55 102 118 69
feedback() = 11 0
study() --> 41 65 79 123 71 65
feedback() = 99 0
study() --> 44 50 70 108 113 67
feedback() = 8 0
study() --> 36 51 67 103 83 59
feedback() = 9 0
study() --> 40 57 80 105 117 70
feedback() = 10 0
study() --> 27 56 57 110 115 83
feedback() = 9 0
study() --> 37 58 62 109 76 75
feedback() = 7 0
study() --> 22 60 55 61 114 69
feedback() = 11 0
study() --> 35 63 68 98 80 59
feedback() = 4 0
study() --> 31 52 71 56 107 70
feedback() = 8 0
   39  51  55 102 118  69 :  99
   41  65  79 123  71  65 :  -1
   44  50  70 108 113  67 :  96
   36  51  67 103  83  59 :  97
   40  57  80 105 117  70 :  98
   27  56  57 110 115  83 :  97
   37  58  62 109  76  75 :  95
   22  60  55  61 114  69 :  99
   35  63  68  98  80  59 :  92
   31  52  71  56 107  70 :  96
Now : 2016.11.01 01:04:28


* GENERATION    19
study() --> 27 56 59 104 119 69
feedback() = 9 0
study() --> 44 53 79 106 112 71
feedback() = 99 0
study() --> 23 61 72 121 117 79
feedback() = 12 0
study() --> 27 55 53 57 78 64
feedback() = 7 0
study() --> 41 59 76 106 116 69
feedback() = 7 0
study() --> 25 51 56 102 121 85
feedback() = 8 0
study() --> 39 50 54 103 118 54
feedback() = 7 0
study() --> 44 62 60 110 111 73
feedback() = 11 0
study() --> 41 55 70 124 120 63
feedback() = 8 0
study() --> 41 54 68 107 88 81
feedback() = 15 0
   27  56  59 104 119  69 :  97
   44  53  79 106 112  71 :  -1
   23  61  72 121 117  79 : 100
   27  55  53  57  78  64 :  95
   41  59  76 106 116  69 :  95
   25  51  56 102 121  85 :  96
   39  50  54 103 118  54 :  95
   44  62  60 110 111  73 :  99
   41  55  70 124 120  63 :  96
   41  54  68 107  88  81 :  97
Now : 2016.11.01 01:07:26


* GENERATION    20
study() --> 43 59 71 119 114 70
feedback() = 99 0
study() --> 70 78 59 61 119 58
feedback() = 99 0
study() --> 35 92 60 57 52 114
feedback() = 8 0
study() --> 30 50 55 120 127 103
feedback() = 6 0
study() --> 43 95 84 98 128 59
feedback() = 7 0
study() --> 39 90 71 83 69 120
feedback() = 8 0
study() --> 60 84 98 53 53 91
feedback() = 7 0
study() --> 73 76 74 95 88 128
feedback() = 8 0
study() --> 22 59 88 109 74 95
feedback() = 0 0
study() --> 79 91 52 115 83 91
feedback() = 99 0
study() --> 59 58 74 115 109 92
feedback() = 99 0
   70  78  59  61 119  58 :  -1
   35  92  60  57  52 114 :  96
   30  50  55 120 127 103 :  94
   43  95  84  98 128  59 :  95
   39  90  71  83  69 120 :  96
   60  84  98  53  53  91 :  95
   73  76  74  95  88 128 :  96
   22  59  88 109  74  95 :  88
   79  91  52 115  83  91 :  -1
   59  58  74 115 109  92 :  -1
Now : 2016.11.01 01:10:58


* GENERATION    21
study() --> 36 91 69 50 92 120
feedback() = 99 0
study() --> 41 90 75 83 73 120
feedback() = 7 0
study() --> 38 91 71 84 51 94
feedback() = 6 0
study() --> 48 90 68 80 130 54
feedback() = 9 0
study() --> 37 89 76 55 56 109
feedback() = 9 0
study() --> 58 75 74 97 91 126
feedback() = 13 0
study() --> 45 73 76 96 126 60
feedback() = 0 0
study() --> 37 89 63 52 51 90
feedback() = 9 0
study() --> 48 98 82 103 129 119
feedback() = 8 0
study() --> 40 92 79 103 55 95
feedback() = 9 0
   36  91  69  50  92 120 :  -1
   41  90  75  83  73 120 :  95
   38  91  71  84  51  94 :  94
   48  90  68  80 130  54 :  97
   37  89  76  55  56 109 :  97
   58  75  74  97  91 126 :  99
   45  73  76  96 126  60 :  88
   37  89  63  52  51  90 :  97
   48  98  82 103 129 119 :  96
   40  92  79 103  55  95 :  97
Now : 2016.11.01 01:13:56


* GENERATION    22
study() --> 40 84 70 93 54 112
feedback() = 8 0
study() --> 55 72 69 77 130 58
feedback() = 8 0
study() --> 40 85 77 81 87 123
feedback() = 9 0
study() --> 42 92 75 105 95 97
feedback() = 10 0
study() --> 46 91 81 80 130 52
feedback() = 7 0
study() --> 40 94 80 54 50 110
feedback() = 8 0
study() --> 38 95 83 99 53 100
feedback() = 11 0
study() --> 48 91 67 80 50 52
feedback() = 11 0
study() --> 48 90 63 82 130 51
feedback() = 14 0
study() --> 38 90 63 52 50 90
feedback() = 7 0
   40  84  70  93  54 112 :  96
   55  72  69  77 130  58 :  96
   40  85  77  81  87 123 :  97
   42  92  75 105  95  97 :  98
   46  91  81  80 130  52 :  95
   40  94  80  54  50 110 :  96
   38  95  83  99  53 100 :  99
   48  91  67  80  50  52 :  99
   48  90  63  82 130  51 :  98
   38  90  63  52  50  90 :  95
Now : 2016.11.01 01:16:54


* GENERATION    23
study() --> 46 86 83 85 50 104
feedback() = 11 0
study() --> 43 91 76 85 94 102
feedback() = 9 0
study() --> 46 93 60 86 130 56
feedback() = 15 0
study() --> 50 90 64 81 51 52
feedback() = 9 0
study() --> 42 93 70 96 57 101
feedback() = 9 0
study() --> 45 97 90 96 57 102
feedback() = 10 0
study() --> 38 80 85 95 50 127
feedback() = 99 0
study() --> 45 90 76 106 97 98
feedback() = 99 0
study() --> 45 91 75 104 85 121
feedback() = 99 0
study() --> 43 61 67 84 88 127
feedback() = 99 0
   46  86  83  85  50 104 :  99
   43  91  76  85  94 102 :  97
   46  93  60  86 130  56 :  97
   50  90  64  81  51  52 :  97
   42  93  70  96  57 101 :  97
   45  97  90  96  57 102 :  98
   38  80  85  95  50 127 :  -1
   45  90  76 106  97  98 :  -1
   45  91  75 104  85 121 :  -1
   43  61  67  84  88 127 :  -1
Now : 2016.11.01 01:20:01


* GENERATION    24
study() --> 46 100 95 87 55 108
feedback() = 3 0
study() --> 45 88 85 85 54 50
feedback() = 99 0
study() --> 44 84 64 86 130 57
feedback() = 99 0
study() --> 45 89 74 86 105 105
feedback() = 5 0
study() --> 54 92 67 81 60 56
feedback() = 13 0
study() --> 49 96 89 82 125 100
feedback() = 11 0
study() --> 43 89 92 90 95 106
feedback() = 12 0
study() --> 49 95 66 77 130 54
feedback() = 3 0
study() --> 52 93 61 83 55 57
feedback() = 8 0
study() --> 50 90 67 80 89 104
feedback() = 11 0
   46 100  95  87  55 108 :  91
   45  88  85  85  54  50 :  -1
   44  84  64  86 130  57 :  -1
   45  89  74  86 105 105 :  93
   54  92  67  81  60  56 :  99
   49  96  89  82 125 100 :  99
   43  89  92  90  95 106 : 100
   49  95  66  77 130  54 :  91
   52  93  61  83  55  57 :  96
   50  90  67  80  89 104 :  99
Now : 2016.11.01 01:27:17


* GENERATION    25
study() --> 46 100 90 92 97 110
feedback() = 8 0
study() --> 59 85 92 89 65 57
feedback() = 6 0
study() --> 44 88 68 85 91 107
feedback() = 14 0
study() --> 31 96 94 128 98 108
feedback() = 7 0
study() --> 52 95 64 84 57 102
feedback() = 11 0
study() --> 54 85 90 84 129 100
feedback() = 9 0
study() --> 45 96 66 81 122 103
feedback() = 2 0
study() --> 52 88 71 85 84 54
feedback() = 2 0
study() --> 55 89 61 78 64 61
feedback() = 13 0
study() --> 46 90 62 88 118 102
feedback() = 12 0
   46 100  90  92  97 110 :  96
   59  85  92  89  65  57 :  94
   44  88  68  85  91 107 :  98
   31  96  94 128  98 108 :  95
   52  95  64  84  57 102 :  99
   54  85  90  84 129 100 :  97
   45  96  66  81 122 103 :  90
   52  88  71  85  84  54 :  90
   55  89  61  78  64  61 :  99
   46  90  62  88 118 102 : 100
Now : 2016.11.01 01:30:15


* GENERATION    26
study() --> 53 98 62 88 121 69
feedback() = 2 0
study() --> 50 85 64 78 69 60
feedback() = 8 0
study() --> 40 94 72 87 88 106
feedback() = 11 0
study() --> 48 88 91 88 130 98
feedback() = 9 0
study() --> 57 96 66 83 57 66
feedback() = 99 0
study() --> 45 90 64 85 58 98
feedback() = 11 0
study() --> 52 80 86 80 130 102
feedback() = 9 0
study() --> 41 88 62 89 69 109
feedback() = 11 0
study() --> 55 90 60 79 60 63
feedback() = 9 0
study() --> 51 85 66 81 124 98
feedback() = 99 0
   53  98  62  88 121  69 :  90
   50  85  64  78  69  60 :  96
   40  94  72  87  88 106 :  99
   48  88  91  88 130  98 :  97
   57  96  66  83  57  66 :  -1
   45  90  64  85  58  98 :  99
   52  80  86  80 130 102 :  97
   41  88  62  89  69 109 :  99
   55  90  60  79  60  63 :  97
   51  85  66  81 124  98 :  -1
Now : 2016.11.01 01:33:23


* GENERATION    27
study() --> 45 95 70 81 89 108
feedback() = 7 0
study() --> 40 83 76 87 66 114
feedback() = 7 0
study() --> 42 93 57 84 63 107
feedback() = 8 0
study() --> 45 92 84 69 83 105
feedback() = 14 0
study() --> 40 89 60 83 104 101
feedback() = 7 0
study() --> 60 94 55 75 59 62
feedback() = 5 0
study() --> 53 94 60 84 130 98
feedback() = 6 0
study() --> 38 87 63 92 63 114
feedback() = 4 0
study() --> 50 84 87 83 130 110
feedback() = 9 0
study() --> 47 83 89 77 58 60
feedback() = 6 0
   45  95  70  81  89 108 :  95
   40  83  76  87  66 114 :  95
   42  93  57  84  63 107 :  96
   45  92  84  69  83 105 :  98
   40  89  60  83 104 101 :  95
   60  94  55  75  59  62 :  93
   53  94  60  84 130  98 :  94
   38  87  63  92  63 114 :  92
   50  84  87  83 130 110 :  97
   47  83  89  77  58  60 :  94
Now : 2016.11.01 01:36:21


* GENERATION    28
study() --> 49 90 82 109 127 114
feedback() = 9 0
study() --> 38 92 85 114 122 101
feedback() = 4 0
study() --> 46 82 82 85 88 110
feedback() = 3 0
study() --> 43 97 88 78 92 105
feedback() = 7 0
study() --> 42 80 90 80 127 109
feedback() = 6 0
study() --> 43 86 79 83 130 109
feedback() = 2 0
study() --> 49 83 86 85 130 108
feedback() = 3 0
study() --> 36 72 77 91 61 111
feedback() = 7 0
study() --> 64 94 67 79 65 106
feedback() = 7 0
study() --> 48 86 75 82 84 114
feedback() = 7 0
   49  90  82 109 127 114 :  97
   38  92  85 114 122 101 :  92
   46  82  82  85  88 110 :  91
   43  97  88  78  92 105 :  95
   42  80  90  80 127 109 :  94
   43  86  79  83 130 109 :  90
   49  83  86  85 130 108 :  91
   36  72  77  91  61 111 :  95
   64  94  67  79  65 106 :  95
   48  86  75  82  84 114 :  95
Now : 2016.11.01 01:39:19


* GENERATION    29
study() --> 45 85 85 80 95 64
feedback() = 6 0
study() --> 61 88 86 81 67 112
feedback() = 7 0
study() --> 44 84 77 83 82 114
feedback() = 6 0
study() --> 41 86 86 109 63 110
feedback() = 6 0
study() --> 44 98 83 78 69 102
feedback() = 7 0
study() --> 53 96 74 80 95 116
feedback() = 7 0
study() --> 47 74 88 93 97 100
feedback() = 7 0
study() --> 67 87 72 74 86 117
feedback() = 6 0
study() --> 67 74 73 84 63 107
feedback() = 7 0
study() --> 38 76 80 96 85 109
feedback() = 8 0
   45  85  85  80  95  64 :  94
   61  88  86  81  67 112 :  95
   44  84  77  83  82 114 :  94
   41  86  86 109  63 110 :  94
   44  98  83  78  69 102 :  95
   53  96  74  80  95 116 :  95
   47  74  88  93  97 100 :  95
   67  87  72  74  86 117 :  94
   67  74  73  84  63 107 :  95
   38  76  80  96  85 109 :  96
Now : 2016.11.01 01:42:17


* GENERATION    30
study() --> 36 79 75 92 68 107
feedback() = 7 0
study() --> 38 78 82 97 66 105
feedback() = 7 0
study() --> 65 78 86 84 68 114
feedback() = 7 0
study() --> 48 81 82 92 86 100
feedback() = 7 0
study() --> 42 69 83 73 69 110
feedback() = 7 0
study() --> 70 87 82 79 68 105
feedback() = 7 0
study() --> 50 73 84 91 68 102
feedback() = 99 0
study() --> 44 100 86 79 109 112
feedback() = 7 0
study() --> 40 94 57 98 65 100
feedback() = 12 0
study() --> 66 69 92 93 96 89
feedback() = 7 0
   36  79  75  92  68 107 :  95
   38  78  82  97  66 105 :  95
   65  78  86  84  68 114 :  95
   48  81  82  92  86 100 :  95
   42  69  83  73  69 110 :  95
   70  87  82  79  68 105 :  95
   50  73  84  91  68 102 :  -1
   44 100  86  79 109 112 :  95
   40  94  57  98  65 100 : 100
   66  69  92  93  96  89 :  95
Now : 2016.11.01 01:45:15


* GENERATION    31
study() --> 69 74 61 92 60 90
feedback() = 7 0
study() --> 45 96 84 76 64 103
feedback() = 8 0
study() --> 42 92 53 97 61 102
feedback() = 6 0
study() --> 39 91 57 79 70 108
feedback() = 7 0
study() --> 41 73 91 95 71 94
feedback() = 6 0
study() --> 67 68 84 93 100 93
feedback() = 7 0
study() --> 70 85 81 78 73 90
feedback() = 9 0
study() --> 36 57 80 73 71 105
feedback() = 9 0
study() --> 39 68 85 74 70 115
feedback() = 99 0
study() --> 37 87 86 99 71 108
feedback() = 7 0
   69  74  61  92  60  90 :  95
   45  96  84  76  64 103 :  96
   42  92  53  97  61 102 :  94
   39  91  57  79  70 108 :  95
   41  73  91  95  71  94 :  94
   67  68  84  93 100  93 :  95
   70  85  81  78  73  90 :  97
   36  57  80  73  71 105 :  97
   39  68  85  74  70 115 :  -1
   37  87  86  99  71 108 :  95
Now : 2016.11.01 01:48:13


* GENERATION    32
study() --> 67 81 80 74 74 93
feedback() = 7 0
study() --> 34 52 79 71 67 109
feedback() = 8 0
study() --> 34 90 81 68 72 111
feedback() = 7 0
study() --> 36 64 81 89 96 100
feedback() = 5 0
study() --> 73 96 82 78 69 102
feedback() = 8 0
study() --> 75 89 78 73 67 113
feedback() = 8 0
study() --> 68 70 84 82 97 89
feedback() = 6 0
study() --> 49 94 82 97 69 113
feedback() = 7 0
study() --> 50 100 88 78 59 100
feedback() = 7 0
study() --> 68 83 85 100 95 93
feedback() = 8 0
   67  81  80  74  74  93 :  95
   34  52  79  71  67 109 :  96
   34  90  81  68  72 111 :  95
   36  64  81  89  96 100 :  93
   73  96  82  78  69 102 :  96
   75  89  78  73  67 113 :  96
   68  70  84  82  97  89 :  94
   49  94  82  97  69 113 :  95
   50 100  88  78  59 100 :  95
   68  83  85 100  95  93 :  96
Now : 2016.11.01 01:51:11


* GENERATION    33
study() --> 33 56 84 76 90 98
feedback() = 7 0
study() --> 26 52 76 74 66 105
feedback() = 7 0
study() --> 68 57 74 67 56 103
feedback() = 6 0
study() --> 27 52 82 95 66 105
feedback() = 9 0
study() --> 66 82 79 86 90 117
feedback() = 6 0
study() --> 62 80 81 82 99 98
feedback() = 99 0
study() --> 64 91 82 96 68 95
feedback() = 6 0
study() --> 79 95 80 82 66 100
feedback() = 9 0
study() --> 77 95 82 92 67 115
feedback() = 9 0
study() --> 46 100 86 93 66 104
feedback() = 6 0
   33  56  84  76  90  98 :  95
   26  52  76  74  66 105 :  95
   68  57  74  67  56 103 :  94
   27  52  82  95  66 105 :  97
   66  82  79  86  90 117 :  94
   62  80  81  82  99  98 :  -1
   64  91  82  96  68  95 :  94
   79  95  80  82  66 100 :  97
   77  95  82  92  67 115 :  97
   46 100  86  93  66 104 :  94
Now : 2016.11.01 01:54:09


* GENERATION    34
study() --> 33 99 87 86 71 112
feedback() = 8 0
study() --> 76 51 86 98 68 104
