

Logging Start.
Now : 2016.11.01 17:02:06
study() --> 44 72 75 54 74 65
feedback() = 99 0
study() --> 49 78 53 118 50 61
feedback() = 99 0
study() --> 45 83 66 114 55 107
feedback() = 99 0
study() --> 32 83 72 62 70 126
feedback() = 7 0
study() --> 27 52 99 77 127 66
feedback() = 7 0
study() --> 33 63 68 61 76 88
feedback() = 5 0
study() --> 34 72 75 110 82 62
feedback() = 5 0
study() --> 50 100 66 118 122 123
feedback() = 7 0
study() --> 29 83 68 83 60 125
feedback() = 4 0
study() --> 72 67 57 96 93 81
feedback() = 9 0
   44  72  75  54  74  65 :  -1
   49  78  53 118  50  61 :  -1
   45  83  66 114  55 107 :  -1
   32  83  72  62  70 126 :  95
   27  52  99  77 127  66 :  95
   33  63  68  61  76  88 :  93
   34  72  75 110  82  62 :  93
   50 100  66 118 122 123 :  95
   29  83  68  83  60 125 :  92
   72  67  57  96  93  81 :  97
Now : 2016.11.01 17:04:56


* GENERATION     2
study() --> 28 84 61 65 75 80
feedback() = 8 0
study() --> 31 62 57 92 130 82
feedback() = 8 0
study() --> 52 100 56 120 125 125
feedback() = 8 0
study() --> 34 58 58 65 80 83
feedback() = 4 0
study() --> 30 50 72 61 129 66
feedback() = 6 0
study() --> 32 90 73 64 123 120
feedback() = 9 0
study() --> 37 58 77 60 69 126
feedback() = 13 0
study() --> 31 100 64 82 130 120
feedback() = 7 0
study() --> 28 66 69 78 77 87
feedback() = 12 0
study() --> 30 99 68 118 71 119
feedback() = 6 0
   28  84  61  65  75  80 :  96
   31  62  57  92 130  82 :  96
   52 100  56 120 125 125 :  96
   34  58  58  65  80  83 :  92
   30  50  72  61 129  66 :  94
   32  90  73  64 123 120 :  97
   37  58  77  60  69 126 :  99
   31 100  64  82 130 120 :  95
   28  66  69  78  77  87 : 100
   30  99  68 118  71 119 :  94
Now : 2016.11.01 17:07:54


* GENERATION     3
study() --> 31 66 74 60 73 122
feedback() = 5 0
study() --> 32 92 73 73 126 125
feedback() = 6 0
study() --> 27 69 62 62 55 79
feedback() = 2 0
study() --> 34 66 57 76 130 85
feedback() = 3 0
study() --> 36 85 78 67 69 125
feedback() = 99 0
study() --> 24 81 66 57 72 75
feedback() = 10 0
study() --> 33 58 56 90 126 82
feedback() = 8 0
study() --> 33 84 56 61 126 75
feedback() = 6 0
study() --> 27 91 73 64 118 120
feedback() = 6 0
study() --> 26 86 62 88 72 83
feedback() = 12 0
   31  66  74  60  73 122 :  93
   32  92  73  73 126 125 :  94
   27  69  62  62  55  79 :  90
   34  66  57  76 130  85 :  91
   36  85  78  67  69 125 :  -1
   24  81  66  57  72  75 :  98
   33  58  56  90 126  82 :  96
   33  84  56  61 126  75 :  94
   27  91  73  64 118 120 :  94
   26  86  62  88  72  83 : 100
Now : 2016.11.01 17:10:52


* GENERATION     4
study() --> 24 80 68 59 67 85
feedback() = 4 1
study() --> 34 60 62 93 130 87
feedback() = 6 1
study() --> 28 88 69 66 68 55
feedback() = 99 1
study() --> 57 68 71 85 123 81
feedback() = 4 1
study() --> 20 63 61 59 121 79
feedback() = 99 1
study() --> 23 83 73 63 75 72
feedback() = 7 1
study() --> 30 95 67 55 130 77
feedback() = 3 1
study() --> 32 90 58 70 119 120
feedback() = 6 1
study() --> 35 60 51 68 80 127
feedback() = 11 1
study() --> 36 97 74 59 125 122
feedback() = 6 1
   24  80  68  59  67  85 :  92
   34  60  62  93 130  87 :  94
   28  88  69  66  68  55 :  -1
   57  68  71  85 123  81 :  92
   20  63  61  59 121  79 :  -1
   23  83  73  63  75  72 :  95
   30  95  67  55 130  77 :  91
   32  90  58  70 119 120 :  94
   35  60  51  68  80 127 :  99
   36  97  74  59 125 122 :  94
Now : 2016.11.01 17:13:50


* GENERATION     5
study() --> 24 88 53 69 80 127
feedback() = 13 1
study() --> 32 100 50 61 125 123
feedback() = 5 1
study() --> 33 59 63 73 130 129
feedback() = 5 1
study() --> 39 92 50 68 81 122
feedback() = 4 1
study() --> 33 84 75 64 77 119
feedback() = 9 1
study() --> 36 56 73 93 72 67
feedback() = 9 1
study() --> 29 78 71 75 114 117
feedback() = 9 1
study() --> 36 60 76 98 130 123
feedback() = 7 1
study() --> 32 99 69 70 122 127
feedback() = 4 1
study() --> 36 62 57 73 130 116
feedback() = 99 1
   24  88  53  69  80 127 :  99
   32 100  50  61 125 123 :  93
   33  59  63  73 130 129 :  93
   39  92  50  68  81 122 :  92
   33  84  75  64  77 119 :  97
   36  56  73  93  72  67 :  97
   29  78  71  75 114 117 :  97
   36  60  76  98 130 123 :  95
   32  99  69  70 122 127 :  92
   36  62  57  73 130 116 :  -1
Now : 2016.11.01 17:16:48


* GENERATION     6
study() --> 24 89 56 67 84 130
feedback() = 6 1
study() --> 20 79 73 74 75 130
feedback() = 5 1
study() --> 31 80 58 66 85 126
feedback() = 3 1
study() --> 40 93 75 100 125 127
feedback() = 6 1
study() --> 32 59 72 93 74 121
feedback() = 4 1
study() --> 32 53 78 66 73 124
feedback() = 6 1
study() --> 32 57 78 95 74 64
feedback() = 7 1
study() --> 29 83 75 66 75 114
feedback() = 8 1
study() --> 35 55 80 77 116 123
feedback() = 99 1
study() --> 39 60 80 66 129 123
feedback() = 6 1
   24  89  56  67  84 130 :  94
   20  79  73  74  75 130 :  93
   31  80  58  66  85 126 :  91
   40  93  75 100 125 127 :  94
   32  59  72  93  74 121 :  92
   32  53  78  66  73 124 :  94
   32  57  78  95  74  64 :  95
   29  83  75  66  75 114 :  96
   35  55  80  77 116 123 :  -1
   39  60  80  66 129 123 :  94
Now : 2016.11.01 17:19:46


* GENERATION     7
study() --> 28 61 75 63 70 116
feedback() = 5 1
study() --> 27 91 73 69 74 110
feedback() = 7 1
study() --> 30 87 70 62 74 126
feedback() = 6 1
study() --> 34 93 75 66 70 126
feedback() = 6 1
study() --> 30 53 78 100 78 130
feedback() = 7 1
study() --> 27 57 80 97 79 128
feedback() = 8 1
study() --> 32 98 75 105 104 124
feedback() = 8 1
study() --> 41 52 82 66 89 120
feedback() = 3 1
study() --> 52 92 59 105 84 130
feedback() = 10 1
study() --> 39 93 71 126 121 124
feedback() = 6 1
   28  61  75  63  70 116 :  93
   27  91  73  69  74 110 :  95
   30  87  70  62  74 126 :  94
   34  93  75  66  70 126 :  94
   30  53  78 100  78 130 :  95
   27  57  80  97  79 128 :  96
   32  98  75 105 104 124 :  96
   41  52  82  66  89 120 :  91
   52  92  59 105  84 130 :  98
   39  93  71 126 121 124 :  94
Now : 2016.11.01 17:22:45


* GENERATION     8
study() --> 56 98 58 105 88 121
feedback() = 5 1
study() --> 25 54 60 96 82 129
feedback() = 4 1
study() --> 47 91 71 110 88 105
feedback() = 5 1
study() --> 48 50 55 97 89 130
feedback() = 6 1
study() --> 27 75 79 101 108 126
feedback() = 7 1
study() --> 33 91 74 64 73 124
feedback() = 4 1
study() --> 28 58 74 97 77 128
feedback() = 6 1
study() --> 26 87 85 65 81 112
feedback() = 6 1
study() --> 25 60 76 98 79 127
feedback() = 99 1
study() --> 34 94 78 69 72 110
feedback() = 5 1
   56  98  58 105  88 121 :  93
   25  54  60  96  82 129 :  92
   47  91  71 110  88 105 :  93
   48  50  55  97  89 130 :  94
   27  75  79 101 108 126 :  95
   33  91  74  64  73 124 :  92
   28  58  74  97  77 128 :  94
   26  87  85  65  81 112 :  94
   25  60  76  98  79 127 :  -1
   34  94  78  69  72 110 :  93
Now : 2016.11.01 17:25:43


* GENERATION     9
study() --> 27 77 74 96 79 128
feedback() = 7 1
study() --> 22 72 51 101 105 129
feedback() = 5 1
study() --> 28 82 87 96 81 116
feedback() = 99 1
study() --> 30 98 81 102 67 124
feedback() = 7 1
study() --> 45 50 60 92 92 130
feedback() = 5 1
study() --> 27 55 80 100 86 123
feedback() = 4 1
study() --> 31 94 75 97 75 112
feedback() = 6 1
study() --> 25 50 60 101 90 127
feedback() = 6 1
study() --> 34 50 53 65 91 111
feedback() = 5 1
study() --> 25 89 87 60 75 108
feedback() = 6 1
   27  77  74  96  79 128 :  95
   22  72  51 101 105 129 :  93
   28  82  87  96  81 116 :  -1
   30  98  81 102  67 124 :  95
   45  50  60  92  92 130 :  93
   27  55  80 100  86 123 :  92
   31  94  75  97  75 112 :  94
   25  50  60 101  90 127 :  94
   34  50  53  65  91 111 :  93
   25  89  87  60  75 108 :  94
Now : 2016.11.01 17:28:41


* GENERATION    10
study() --> 29 78 75 95 69 130
feedback() = 4 1
study() --> 32 89 72 104 71 107
feedback() = 5 1
study() --> 27 50 63 105 95 124
feedback() = 6 1
study() --> 25 98 89 58 63 106
feedback() = 6 1
study() --> 33 94 72 95 78 114
feedback() = 6 1
study() --> 23 50 76 98 75 123
feedback() = 6 1
study() --> 28 87 76 62 83 52
feedback() = 7 1
study() --> 59 90 60 102 79 116
feedback() = 11 1
study() --> 25 90 90 94 79 117
feedback() = 6 1
study() --> 24 50 57 104 72 105
feedback() = 5 1
   29  78  75  95  69 130 :  92
   32  89  72 104  71 107 :  93
   27  50  63 105  95 124 :  94
   25  98  89  58  63 106 :  94
   33  94  72  95  78 114 :  94
   23  50  76  98  75 123 :  94
   28  87  76  62  83  52 :  95
   59  90  60 102  79 116 :  99
   25  90  90  94  79 117 :  94
   24  50  57 104  72 105 :  93
Now : 2016.11.01 17:31:39


* GENERATION    11
study() --> 61 83 62 57 84 50
feedback() = 5 1
study() --> 29 87 94 58 59 108
feedback() = 5 1
study() --> 63 89 77 102 79 118
feedback() = 7 1
study() --> 58 88 91 93 82 122
feedback() = 5 1
study() --> 33 97 93 128 59 55
feedback() = 7 1
study() --> 28 97 72 65 80 51
feedback() = 8 1
study() --> 33 92 78 57 79 118
feedback() = 5 1
study() --> 27 100 69 59 68 103
feedback() = 6 1
study() --> 29 93 86 60 76 114
feedback() = 4 1
study() --> 36 95 85 99 76 116
feedback() = 6 1
   61  83  62  57  84  50 :  93
   29  87  94  58  59 108 :  93
   63  89  77 102  79 118 :  95
   58  88  91  93  82 122 :  93
   33  97  93 128  59  55 :  95
   28  97  72  65  80  51 :  96
   33  92  78  57  79 118 :  93
   27 100  69  59  68 103 :  94
   29  93  86  60  76 114 :  92
   36  95  85  99  76 116 :  94
Now : 2016.11.01 17:34:37


* GENERATION    12
study() --> 29 94 67 130 64 57
feedback() = 9 1
study() --> 64 96 73 60 81 120
feedback() = 12 1
study() --> 27 93 75 61 70 101
feedback() = 6 1
study() --> 25 95 71 63 79 112
feedback() = 4 1
study() --> 38 91 88 103 58 51
feedback() = 8 1
study() --> 30 95 74 58 64 56
feedback() = 9 1
study() --> 41 65 89 125 73 58
feedback() = 5 1
study() --> 65 100 66 63 68 103
feedback() = 9 1
study() --> 31 97 81 106 74 122
feedback() = 7 1
study() --> 35 93 67 103 69 115
feedback() = 5 1
   29  94  67 130  64  57 :  97
   64  96  73  60  81 120 : 100
   27  93  75  61  70 101 :  94
   25  95  71  63  79 112 :  92
   38  91  88 103  58  51 :  96
   30  95  74  58  64  56 :  97
   41  65  89 125  73  58 :  93
   65 100  66  63  68 103 :  97
   31  97  81 106  74 122 :  95
   35  93  67 103  69 115 :  93
Now : 2016.11.01 17:37:35


* GENERATION    13
study() --> 63 98 79 60 86 123
feedback() = 6 1
study() --> 64 98 87 68 93 103
feedback() = 9 1
study() --> 67 99 68 59 128 119
feedback() = 9 1
study() --> 39 92 95 57 59 121
feedback() = 1 1
study() --> 61 100 62 58 65 53
feedback() = 7 1
study() --> 33 89 69 129 62 53
feedback() = 4 1
study() --> 39 86 83 62 60 55
feedback() = 8 1
study() --> 32 100 72 125 67 99
feedback() = 7 1
study() --> 60 100 84 66 55 108
feedback() = 6 1
study() --> 42 86 63 107 58 55
feedback() = 99 1
   63  98  79  60  86 123 :  94
   64  98  87  68  93 103 :  97
   67  99  68  59 128 119 :  97
   39  92  95  57  59 121 :  89
   61 100  62  58  65  53 :  95
   33  89  69 129  62  53 :  92
   39  86  83  62  60  55 :  96
   32 100  72 125  67  99 :  95
   60 100  84  66  55 108 :  94
   42  86  63 107  58  55 :  -1
Now : 2016.11.01 17:40:32


* GENERATION    14
study() --> 61 100 67 64 128 105
feedback() = 13 1
study() --> 59 100 91 65 57 99
feedback() = 5 1
study() --> 32 97 89 79 88 99
feedback() = 99 1
study() --> 68 95 61 68 66 50
feedback() = 8 1
study() --> 38 94 80 66 55 114
feedback() = 9 1
study() --> 75 97 73 60 130 119
feedback() = 15 1
study() --> 72 99 69 64 130 54
feedback() = 4 1
study() --> 33 85 73 61 65 98
feedback() = 8 1
study() --> 58 98 83 60 70 121
feedback() = 6 1
study() --> 27 100 72 59 66 102
feedback() = 7 1
   61 100  67  64 128 105 :  99
   59 100  91  65  57  99 :  93
   32  97  89  79  88  99 :  -1
   68  95  61  68  66  50 :  96
   38  94  80  66  55 114 :  97
   75  97  73  60 130 119 :  97
   72  99  69  64 130  54 :  92
   33  85  73  61  65  98 :  96
   58  98  83  60  70 121 :  94
   27 100  72  59  66 102 :  95
Now : 2016.11.01 17:43:30


* GENERATION    15
study() --> 42 96 70 67 54 110
feedback() = 6 1
study() --> 66 100 68 59 129 120
feedback() = 8 1
